5 4 526 179 118 130 Shelf_Name
2018 252
2018 252
2018 252
2018 252
2018 252
2018 252
2018 252
2018 252
2018 252
2018 252
2018 252
2018 252
2018 252
2018 252
2018 252
2018 252
2018 252
2018 252
2018 252
2018 252
8 4 1025 207 278 157 Shelf_Name
2018 252
2018 252
2018 252
2018 252
2018 252
2018 252
2018 252
2018 252
2018 252
2018 252
2018 252
2018 252
2018 252
2018 252
2018 252
2018 252
2018 252
2018 252
2018 252
2018 252
2018 252
2018 252
2018 252
2018 252
2018 252
2018 252
2018 252
2018 252
2018 252
2018 252
2018 252
2018 252
4 4 774 451 137 184 Shelf_Name
2018 252
2018 252
2018 252
2018 252
2018 252
2018 252
2018 252
2018 252
2018 252
2018 252
2018 252
2018 252
2018 252
2018 252
2018 252
2018 252
2 2 382 518 103 119 Shelf_Name
2018 252
2018 252
2018 252
2018 252
2 2 1166 482 165 184 Shelf_Name
2018 252
2018 252
2018 252
2018 252
2 2 1527 279 125 236 Shelf_Name
2018 252
2018 252
2018 252
2018 252
2 2 778 238 84 102 Shelf_Name
2018 252
2018 252
2018 252
2018 252
